1461,35
10,14
10,282
10,226
10,110
10,292
10,274
10,222
9,4
9,6
8,6
8,8
1460,3
1460,2
1460,1
1460,0
1459,3
1459,2
1459,1
1459,0
20,3
20,2
20,1
19,2
19,1
12,3
19,3
12,2
12,1
11,30
11,29
11,28
11,27
11,26
11,25
11,24
11,23
11,22
11,21
11,20
11,19
11,18
11,17
11,16
11,15
11,14
11,13
11,12
11,11
11,10
11,9
11,8
11,7
11,6
11,5
11,4
11,3
11,2
11,1
10,317
10,316
10,315
10,314
10,311
10,255
10,245
10,239
10,235
10,223
10,205
10,155
10,137
10,125
18,1
10,105
10,69
18,3
10,35
10,31
10,3
14,1
10,2
10,1
9,7
9,5
9,3
14,3
9,2
13,1
9,1
8,18
8,17
8,16
8,15
13,3
8,14
8,13
8,11
8,10
8,7
8,5
8,3
8,2
8,1
3,3
3,2
3,1
2,3
2,2
2,1
0,552
